0.04 16.0 12.0 5.0
0.02 13.0 10.0 6.0
0.02 17.0 5.0 8.0
0.02 11.0 7.0 6.0
0.03 6.0 6.0 7.0
0.05 11.0 7.0 10.0
0.04 12.0 6.0 9.0
0.05 13.0 1.0 8.0
0.05 9.0 4.0 13.0
0.03 8.0 7.0 10.0
0.02 10.0 9.0 5.0
0.02 16.0 10.0 7.0
0.03 12.0 4.0 6.0
0.01 6.0 8.0 5.0
0.01 5.0 2.0 1.0
0.01 9.0 1.0 4.0
0.0 15.0 1.0 4.0
0.01 4.0 3.0 10.0
0.0 6.0 4.0 6.0
0.0 3.0 2.0 5.0
0.01 9.0 7.0 4.0
0.01 14.0 4.0 7.0
0.0 7.0 5.0 4.0
0.01 9.0 3.0 8.0
0.01 6.0 0.0 5.0
0.01 5.0 1.0 4.0
0.02 15.0 5.0 10.0
0.0 7.0 4.0 2.0
0.61 12.0 14.0 10.0
0.38 12.0 10.0 14.0
0.14 7.0 5.0 9.0
0.25 7.0 8.0 14.0
0.05 18.0 13.0 10.0
0.03 12.0 12.0 9.0
0.02 10.0 8.0 7.0
0.04 18.0 12.0 12.0
0.04 10.0 3.0 2.0
0.0 0.0 5.0 1.0
0.0 4.0 1.0 0.0
0.0 5.0 3.0 2.0
0.0 1.0 1.0 3.0
0.0 4.0 3.0 1.0
0.0 6.0 3.0 1.0
0.0 3.0 1.0 3.0
0.0 4.0 7.0 2.0
0.0 5.0 1.0 1.0
0.0 3.0 2.0 2.0
0.0 4.0 5.0 3.0
0.0 1.0 1.0 1.0
0.0 1.0 7.0 1.0
0.0 1.0 3.0 0.0
4.18 11.0 10.0 0.0
5.17 12.0 16.0 17.0
4.84 16.0 18.0 17.0
5.06 13.0 15.0 0.0
5.53 9.0 14.0 0.0
4.47 11.0 14.0 16.0
6.21 11.0 12.0 18.0
7.3 14.0 18.0 0.0
10.76 12.0 20.0 0.0
7.18 15.0 16.0 19.0
7.38 14.0 17.0 17.0
6.72 12.0 19.0 0.0
7.61 17.0 17.0 19.0
6.32 9.0 19.0 18.0
7.94 16.0 14.0 18.0
6.94 9.0 11.0 0.0
5.77 10.0 14.0 16.0
5.45 8.0 18.0 0.0
7.64 12.0 16.0 0.0
6.85 13.0 13.0 0.0
7.03 9.0 19.0 0.0
9.56 16.0 13.0 19.0
8.24 14.0 19.0 0.0
9.11 18.0 18.0 0.0
9.37 12.0 19.0 17.0
14.78 14.0 14.0 0.0
12.28 11.0 13.0 19.0
6.61 18.0 19.0 18.0
7.61 11.0 15.0 17.0